8 10 20
0.5 0 20
52 78 6 6

Coordinates
1      -4.2808      0.41096
2       -5.293      0.39193
3      -4.3174       1.4703
4      -5.2436       1.7403
5      -5.9057       1.1378
6      -6.3052      0.37291
7      -4.3539       2.5297
8      -6.1534       2.1066
9      -5.4381       2.8055
10      -6.8686       1.4077
11      -7.3174      0.35388
12      -4.3904        3.589
13       -6.401       3.0755
14      -7.1549       2.3608
15      -7.7748       1.3634
16      -5.5398       3.8176
17      -8.3295      0.33486
18      -4.4269       4.6484
19      -7.3878       3.3415
20      -6.6486       4.0443
21      -8.6588       1.2458
22      -8.3325       2.4295
23      -5.9335       4.7431
24      -9.3417      0.31583
25      -5.2463       5.4274
26      -7.6104       4.3158
27      -8.4953       3.5359
28      -6.8964       5.0125
29      -4.4635       5.7078
30      -9.5154       1.7855
31      -6.1449       5.7936
32      -9.5337       2.7672
33      -5.2626       6.2443
34      -8.5554       4.6124
35       -7.859       5.2745
36      -10.354       0.2968
37      -10.372       1.2785
38      -9.5519        3.749
39      -6.9884       6.0686
40       -10.39       2.2603
41      -6.0616       6.7808
42      -10.409        3.242
43      -8.8039        5.571
44      -9.5003       4.9089
45      -8.1076       6.2331
46      -10.427       4.2237
47      -6.8607       7.3174
48      -9.7489       5.8676
49      -9.0525       6.5297
50      -10.445       5.2055
51      -8.3562       7.1918
52      -7.6598       7.8539
EndCoordinates

Elements
1 52 51 47
2 51 49 45
3 49 48 43
4 48 50 44
5 29 33 25
6 33 41 31
7 41 47 39
8 50 46 44
9 42 40 32
10 37 36 24
11 46 42 38
12 40 37 30
13 45 49 43
14 45 43 35
15 43 48 44
16 43 44 34
17 35 43 34
18 35 34 26
19 45 35 39
20 26 34 27
21 35 26 28
22 51 45 47
23 34 44 38
24 25 33 31
25 25 31 23
26 31 41 39
27 31 39 28
28 39 47 45
29 29 25 18
30 32 40 30
31 32 30 22
32 38 42 32
33 38 32 27
34 30 37 24
35 22 30 21
36 46 38 44
37 32 22 27
38 27 34 38
39 26 27 19
40 28 26 20
41 35 28 39
42 21 30 24
43 22 21 15
44 19 27 22
45 26 19 20
46 28 20 23
47 15 17 11
48 22 14 19
49 23 20 16
50 28 23 31
51 25 23 18
52 16 20 13
53 23 16 18
54 13 20 19
55 16 13 9
56 9 13 8
57 16 9 12
58 8 13 14
59 9 8 4
60 14 13 19
61 8 14 10
62 4 8 5
63 9 4 7
64 8 10 5
65 4 5 2
66 2 5 6
67 6 5 10
68 10 14 15
69 15 14 22
70 10 15 11
71 17 15 21
72 17 21 24
73 11 6 10
74 2 1 3
75 7 12 9
76 3 7 4
77 3 4 2
78 12 18 16
EndElements

Dirichlet
36
37
40
42
46
50
EndDirichlet

Neumann
1
3
7
12
18
29
EndNeumann
